---
goal:Revoir les paramètres de fonction et les constructions itératives.
notions:paramètres, for, if
---
Dans les fichiers `functions.h` et `functions.c` vous devez créer une fonction `printTable`, prenant deux entiers en paramètres et ne retournant rien. Cette fonction doit afficher de la façon la plus lisible possible toutes les tables de multiplication entre les deux paramètres.

Faites en sorte que la fonction main appelle cette fonction.

Voici ce qu'affiche le programme pour `printTable(3,9);`

	#     3    4    5    6    7    8    9
	3 :   9   12   15   18   21   24   27
	4 :  12   16   20   24   28   32   36
	5 :  15   20   25   30   35   40   45
	6 :  18   24   30   36   42   48   54
	7 :  21   28   35   42   49   56   63
	8 :  24   32   40   48   56   64   72
	9 :  27   36   45   54   63   72   81